1060
1152
2311
1657
913
736
2272
382
1712
1541
112
1495
293
1367
2397
1525
2136
2454
1585
736
162
943
1484
763
1429
418
2423
996
2128
300
1941
1144
844
1220
1097
481
214
2480
1077
1529
1415
741
1424
1649
1631
2228
1470
1662
202
1174
1377
1732
1653
1947
76
1943
2018
1282
1850
2450
1798
310
1055
2460
791
1492
580
1457
287
988
1735
938
820
102
2006
991
1616
2165
437
1431
1736
698
1956
1605
2286
1968
1825
2069
342
2326
1016
423
1320
249
1046
1129
1412
1399
628
1556
1778
1219
2067
2245
1674
368
1856
1035
1611
2255
1569
492
75
2161
1352
571
1405
1817
164
309
1253
2215
74
676
1629
2309
2095
1403
1094
965
999
675
898
430
553
232
618
2566
164
2192
1362
1240
93
126
2257
540
1306
1035
1552
1021
70
1450
723
2654
1260
1779
416
1053
1998
1158
2172
647
2309
2501
157
156
1023
1391
593
1457
553
676
2169
426
1051
1960
470
1312
1211
2541
580
1812
2176
902
1363
2363
543
1934
148
360
970
1929
489
2262
1774
1755
1946
1457
476
1513
2637
1353
354
898
1105
2390
161
1746
2154
392
1325
1119
665
2486
1113
1046
2451
1345
2127
358
109
2239
379
255
965
544
1914
812
812
1724
1189
1045
1276
1588
104
496
324
1474
627
2343
197
965
583
1380
1023
425
1409
2082
1297
885
1974
2612
1274
1766
2621
194
255
740
438
2356
222
569
1021
1916
2261
1932
2396
1003
121
2717
2380
1494
1434
1298
1027
873
1015
1999
56
2299
632
510
973
1298
1177
1924
1166
1052
2304
335
2555
1941
356
924
2023
1771
2358
654
1475
1065
1859
1345
621
1234
142
1784
1968
2323
316
1546
1959
1067
1701
189
1068
860
2162
691
659
2215
447
2381
290
1677
595
70
563
203
2152
2233
1152
1463
1549
317
2285
2067
2155
1244
1218
684
1186
532
417
495
509
1748
1533
1623
770
2054
194
566
1623
538
88
2127
1578
2433
1933
1794
2026
168
1080
149
115
451
1253
501
930
463
1775
656
1236
779
1870
507
152
137
1387
2378
289
2578
2104
2424
2289
2019
62
2309
867
927
417
1779
1350
2331
1118
1368
1216
508
2145
2363
108
1771
1835
2059
2047
98
1864
776
1227
977
2341
937
259
718
2017
1628
222
1809
1413
780
1852
980
1989
1655
2486
856
827
820
2299
2217
2215
215
1804
1241
858
1546
433
470
90
1531
1516
486
1201
275
2115
193
1473
1405
2486
834
2378
118
164
2786
1334
1426
1616
661
2242
841
1759
985
573
1791
813
1564
1844
1449
1258
1506
846
2213
494
59
1893
1401
1947
1223
137
558
2139
350
1309
448
2372
1977
253
579
1190
1682
252
2855
801
574
1319
1865
1567
2114
1819
2368
2143
2083
1664
43
2309
1042
1511
536
501
2390
1953
1087
1744
1416
355
1477
259
1206
849
362
359
1834
2302
1247
2300
247
506
1794
167
1676
1883
630
1315
1563
1801
340
1787
107
1986
536
478
507
1211
112
742
1514
903
1789
847
693
533
1404
1942
667
345
1532
264
1739
1381
1901
37
1690
2091
1872
183
770
237
1455
1705
138
1824
1481
807
1309
404
167
2031
2390
2342
1572
1396
1177
972
293
1449
172
938
272
1581
1677
341
103
1380
1445
1751
1296
1379
718
740
1806
2021
1337
1834
951
528
270
368
470
1150
507
735
1304
2518
2097
1409
410
2549
312
1735
1533
1866
397
2394
1841
60
858
2586
2118
1510
117
620
1695
2398
170
166
738
394
1839
844
2222
1805
1003
1301
1505
1725
1231
1363
2309
735
867
677
918
1210
2540
1555
385
435
1873
2576
1346
1536
1277
2362
64
1400
301
755
1883
612
802
872
426
1227
1263
1419
1454
2412
1584
1268
542
345
1091
651
1134
2486
1272
1155
1630
1237
86
34
754
1216
875
1121
2486
1786
1271
395
1512
922
705
657
1489
114
2019
914
41
1502
1821
793
1636
2707
1294
2600
334
1821
666
2035
2248
657
2290
894
2437
1080
621
1233
1334
1193
391
1317
1071
2280
2449
1616
787
842
370
2258
829
502
391
793
639
1066
2309
2283
1704
1530
766
2353
1633
787
194
1937
1502
855
1238
579
1529
1213
1297
77
2096
1288
1681
942
360
184
572
1017
1567
1439
398
196
652
2085
1710
1086
659
2114
1578
1363
1705
16
1180
1123
356
2220
297
1986
520
812
1456
1228
2433
1163
609
1743
2127
1822
1686
296
994
1632
1548
551
894
1146
683
1382
1203
919
407
512
327
1607
1509
2208
766
2445
1709
768
2340
565
1772
220
1362
2257
355
2457
328
2071
2040
228
1345
1244
1506
211
882
198
252
2388
1045
156
435
1005
2023
556
2463
148
928
1197
1770
737
1104
427
1080
1750
16
2383
1113
2410
228
1881
416
1775
734
1914
1927
1187
1259
78
72
2126
489
58
1675
2267
206
2130
1743
1961
1050
2380
117
809
301
1541
1344
1473
1016
1117
1736
634
2308
2640
2055
354
2025
986
269
1055
1670
1358
708
2126
2502
358
145
2033
1529
86
870
1110
1248
969
2243
2172
1771
1186
1506
363
1023
350
548
2237
2090
434
376
1640
2457
396
1866
397
1614
1666
1621
2331
162
1134
913
1432
966
21
1063
717
1946
989
952
1853
2437
1464
8
1652
983
2225
600
2139
1340
1136
2670
1918
716
1253
2041
285
2547
2238
2191
261
630
101
2232
1903
1904
587
87
309
1052
1406
1808
2131
2089
1104
251
1943
578
628
2490
436
2128
312
1040
1968
22
1961
2157
2388
2348
